3630
15110
31320
5050
19890
15150
6620
9400
12360
17190
23110
13640
12110
3660
7160
11740
16480
6160
13240
21120
4000
4310
18020
14280
6730
12540
5530
15290
5190
6580
7620
15520
23400
7320
7270
6390
7060
7210
6600
8960
16990
17080
11970
7120
15980
3920
4910
9560
11480
5290
8780
16130
6420
6500
6390
3760
9280
12910
2070
4700
6280
9040
3700
9230
6460
7060
4310
6220
4110
3880
16870
4340
17710
9600
14910
4120
7090
6610
4480
12270
16660
4100
5870
6200
11780
9910
4740
9880
7180
6620
4370
3720
9510
6940
7330
2320
8710
17340
6470
4500
